2 15 17 1 130.6432 47.02048 46.82974 66.89554 24.0536 24.02144 37.36838 14.03208 11.23061 49.22147
2 15 17 1 156.2804 47.02048 46.82974 80.01666 24.06435 24.02144 44.0676 14.03208 11.23061 49.25961
2 15 17 8 132.4717 47.66135 47.4935 66.85892 24.03215 23.99998 31.25851 11.23061 11.23061 48.94733
2 15 17 9 154.9637 47.76053 47.4935 78.17834 24.03215 23.98924 36.77431 13.13161 10.38017 48.89647
2 15 17 10 161.5342 48.55399 47.4935 81.44473 24.08577 23.98924 38.5878 14.03208 10.38017 47.92914
2 15 17 20 131.6012 47.43247 47.09677 65.95459 23.72112 23.68895 34.94972 14.92183 11.23061 51.75321
2 15 17 25 132.2704 47.55454 47.44009 66.55719 23.92491 23.89271 11.08727 12.15967 1.389751 50.17189
2 15 17 26 158.559 48.37851 47.44009 79.59241 23.92491 23.87129 17.57372 12.15967 1.389751 49.54639
2 15 17 26 175.3721 49.08041 47.44009 87.84589 23.92491 23.86055 21.71059 12.15967 1.389751 49.31507
2 15 17 26 187.3563 49.35507 47.44009 93.66263 23.92491 23.86055 23.49616 12.15967 1.389751 48.57608
2 15 17 27 196.9352 49.35507 47.44009 98.33542 23.92491 23.86055 25.34783 12.15967 1.389751 49.17519
2 15 17 27 204.8716 49.35507 47.44009 102.2435 23.92491 23.86055 26.81408 12.15967 1.389751 49.20137
2 15 17 27 211.6852 49.35507 47.44009 105.602 23.92491 23.86055 28.27318 12.15967 1.389751 49.47644
2 15 17 30 133.3539 47.92838 47.8826 66.33838 23.84984 23.82838 29.885 12.15967 10.38017 50.14328
2 15 17 31 159.5275 48.01993 47.8826 79.34009 23.84984 23.81764 36.13312 12.15967 10.38017 50.15378
2 15 17 31 176.4233 48.25644 47.8826 87.70267 23.84984 23.80693 40.17729 12.15967 10.38017 50.33741
2 15 17 31 188.9834 48.63028 47.8826 93.88745 23.86055 23.80693 42.92243 12.15967 10.38017 49.63074
2 15 17 40 134.0336 48.37851 48.00467 66.5073 23.93562 23.87129 26.99332 11.26992 9.490414 49.04315
2 15 19 34 48.14706 48.60739 48.05808 24.07862 24.08577 24.06435 2.872668 4.948755 1.389751 34.45431
2 15 19 35 47.93852 48.60739 47.92075 24.08576 24.08577 24.06435 6.173203 6.815804 1.389751 39.48245
2 15 19 35 47.8546 48.60739 47.82919 24.08219 24.08577 24.06435 5.231638 6.815804 1.389751 38.70102
2 15 19 35 47.86478 48.60739 47.82919 24.07505 24.08577 24.06435 5.283451 6.815804 1.389751 36.27426
2 15 19 36 47.76305 48.60739 47.64609 24.08935 24.09651 24.06435 7.064739 10.38017 1.389751 38.54953
2 15 19 36 48.66077 48.85916 47.64609 24.11795 24.11797 24.06435 5.231638 10.38017 1.389751 37.1855
2 15 19 37 48.11092 48.85916 47.64609 24.11182 24.12868 24.06435 6.001089 10.38017 1.389751 39.22008
2 15 19 37 47.91309 48.85916 47.64609 24.12151 24.12868 24.06435 5.865301 10.38017 1.389751 37.65721
2 15 19 37 47.83171 48.85916 47.64609 24.12152 24.12868 24.06435 8.600658 10.38017 1.389751 41.01434
2 15 19 38 47.98938 48.85916 47.64609 24.1537 24.16084 24.06435 8.600658 10.38017 1.389751 40.76871
2 15 19 38 48.12926 48.85916 47.64609 24.16084 24.1823 24.06435 8.302288 10.38017 1.389751 38.9017
2 15 19 38 48.00973 48.85916 47.64609 24.16799 24.1823 24.06435 11.86308 12.15967 1.389751 61.14278
2 15 19 39 48.43443 48.85916 47.64609 24.1537 24.1823 24.06435 9.193825 12.15967 1.389751 43.77306
2 15 19 39 48.39883 48.85916 47.64609 24.17514 24.1823 24.06435 10.38016 12.15967 1.389751 50.96651
2 15 19 39 47.91309 48.85916 47.64609 24.1537 24.1823 24.06435 10.38016 12.15967 1.389751 51.34564
2 15 19 40 48.06822 48.85916 47.64609 24.1537 24.1823 24.06435 10.67674 12.15967 1.389751 61.39476
2 15 19 40 48.02753 48.85916 47.64609 24.14655 24.1823 24.06435 8.89724 12.15967 1.389751 51.4195
2 15 19 40 47.82408 48.85916 47.64609 24.14298 24.1823 24.06435 6.8158 12.15967 1.389751 39.34198
2 15 19 41 47.71982 48.85916 47.64609 24.1394 24.1823 24.06435 8.89724 12.15967 1.389751 44.38976
2 15 19 41 47.77322 48.85916 47.64609 24.1537 24.1823 24.06435 8.005703 12.15967 1.389751 39.35593
2 15 19 41 47.82918 48.85916 47.64609 24.15726 24.1823 24.06435 10.08357 12.15967 1.389751 51.47159
2 15 19 42 47.50619 48.85916 47.37906 24.15727 24.1823 24.06435 9.49041 12.15967 1.389751 44.63135
2 15 19 43 46.75851 46.7916 46.72293 24.10007 24.10722 24.09651 9.786991 10.38017 9.490414 52.52747
2 15 19 44 46.54997 46.74582 46.48642 24.07506 24.09651 24.06435 6.491819 10.38017 2.279502 40.74521
2 15 19 51 46.61101 46.63138 46.59323 23.97853 23.99998 23.96782 9.49041 9.490414 9.490414 46.02283
2 15 19 51 46.71782 46.75345 46.60086 23.99998 23.99998 23.98924 9.49041 9.490414 9.490414 45.77207
2 15 19 52 46.50165 46.6619 46.43301 23.97495 23.98924 23.96782 8.89724 9.490414 5.865305 46.15634
2 15 19 52 46.36941 46.4025 46.35672 23.96065 23.96782 23.94637 9.49041 9.490414 8.600662 46.19449
2 15 19 52 46.54997 46.57797 46.4559 23.9535 23.96782 23.93562 8.304073 9.490414 7.710913 42.07268
2 15 19 53 46.18376 46.4025 46.13547 23.9392 23.96782 23.92491 8.89724 9.490414 4.914808 46.4043
2 15 19 53 58.07799 64.36972 46.10495 25.8697 26.37022 23.95708 9.49041 9.490414 8.600662 50.04535
2 15 19 53 55.24495 62.85147 52.00247 25.23336 25.2441 25.16902 8.89724 9.490414 7.710913 39.69591
2 15 19 54 47.0408 49.91202 45.97525 25.1547 25.23335 25.13686 9.786991 25.76321 9.490414 49.00434
2 15 19 54 44.5627 45.37253 44.25101 25.03264 25.1154 24.99742 10.38016 10.38017 10.38017 51.00458
